2.135744714801006694e-01 9.529014620660903878e-01 1.000000000000000000e+00
4.806503095759012689e-01 5.251509164077077241e-01 1.000000000000000000e+00
9.338844750789268012e-01 2.926023701312703285e-01 1.000000000000000000e+00
7.294400313857178908e-01 5.488896234693475540e-01 1.000000000000000000e+00
7.746645251404964405e-01 7.415968477030496775e-01 1.000000000000000000e+00
6.881443452023723317e-01 1.850254309640420036e-02 -1.000000000000000000e+00
8.047421780877894726e-01 4.792761357533177335e-01 1.000000000000000000e+00
6.767088637487485014e-01 1.660620107024451952e-01 -1.000000000000000000e+00
8.517458239395265807e-01 5.608099194106620500e-01 1.000000000000000000e+00
6.949008166884040882e-01 8.501168292061329623e-01 1.000000000000000000e+00
8.358739898777647337e-01 5.897788154268599481e-01 1.000000000000000000e+00
6.141764339993506239e-01 8.929378465969437517e-01 1.000000000000000000e+00
6.796888514410431847e-01 9.013257118591222472e-02 -1.000000000000000000e+00
3.360368356903156162e-01 4.787263222664029927e-01 -1.000000000000000000e+00
5.238282500210503789e-01 3.316934385541495667e-01 -1.000000000000000000e+00
1.759653013958760726e-01 9.687791382344623781e-01 1.000000000000000000e+00
1.122021053106609934e-01 9.475189596219216748e-01 1.000000000000000000e+00
1.239895434467264135e-01 3.810666358912221385e-01 -1.000000000000000000e+00
9.483755866967176207e-01 1.509650573786484040e-01 1.000000000000000000e+00
5.291715710051687616e-01 1.476563839135255352e-01 -1.000000000000000000e+00
6.609319669782576234e-02 6.859921922819869344e-01 -1.000000000000000000e+00
3.446607739619012012e-02 1.749538785751528769e-01 -1.000000000000000000e+00
1.227221165163597805e-01 6.946899065361772374e-01 -1.000000000000000000e+00
8.831718439722776592e-01 3.654608694480527831e-01 1.000000000000000000e+00
7.255055751139617426e-01 1.675462990620273374e-01 -1.000000000000000000e+00
7.664530651590568677e-01 1.667840970955716262e-01 -1.000000000000000000e+00
9.893799621920257303e-01 2.501752476545705539e-01 1.000000000000000000e+00
5.503612079819215630e-01 7.682676521366005318e-03 -1.000000000000000000e+00
9.410567878380571294e-02 7.223281774682923650e-01 -1.000000000000000000e+00
8.158448378121335720e-01 3.391829102189117817e-01 1.000000000000000000e+00
7.950366161795467956e-01 5.720155728559118691e-01 1.000000000000000000e+00
8.085413546003683560e-01 9.483108385445178090e-01 1.000000000000000000e+00
3.139507428859568128e-01 3.229636387719235779e-01 -1.000000000000000000e+00
8.581932041297971603e-01 7.239663501322202155e-01 1.000000000000000000e+00
2.468756780156681208e-01 9.574926105014851530e-01 1.000000000000000000e+00
7.133383022029335940e-01 9.880001548499184327e-01 1.000000000000000000e+00
2.559627224059874973e-01 3.264120420513827447e-02 -1.000000000000000000e+00
7.471947468965157713e-01 9.377922583309399318e-01 1.000000000000000000e+00
9.982478313277084458e-01 2.880191540351019208e-01 1.000000000000000000e+00
4.383869143085206144e-02 2.524190983064176219e-01 -1.000000000000000000e+00
4.534055377301198231e-01 1.650931336226417745e-01 -1.000000000000000000e+00
2.364373155362925472e-01 1.395103098734429281e-02 -1.000000000000000000e+00
5.112934781526881078e-01 7.549432325514393582e-01 1.000000000000000000e+00
3.999592644747049786e-01 6.650019092846782831e-01 1.000000000000000000e+00
8.843561878499572870e-01 3.821259495170694631e-01 1.000000000000000000e+00
8.801218288962118219e-01 9.813763762901149823e-01 1.000000000000000000e+00
5.901154742511330875e-01 5.844237512089287545e-01 1.000000000000000000e+00
7.972776111708085311e-01 8.680010293857043369e-02 -1.000000000000000000e+00
5.957366372501625706e-01 9.988494879663409876e-01 1.000000000000000000e+00
8.371871748227210919e-02 5.806328245999087256e-01 -1.000000000000000000e+00
6.758535788768386121e-01 5.578211006704163477e-01 1.000000000000000000e+00
4.355924160226428699e-01 7.204795437227852206e-01 1.000000000000000000e+00
5.042779351238366736e-01 2.393523504212605735e-01 -1.000000000000000000e+00
8.839127763648265690e-01 3.296461108289061581e-01 1.000000000000000000e+00
6.435249999689764966e-01 5.468802473338062464e-01 1.000000000000000000e+00
6.896541104955097312e-01 7.181943773814886134e-01 1.000000000000000000e+00
2.997897371110246345e-01 1.931243479715314404e-01 -1.000000000000000000e+00
9.228496601415714373e-02 9.940352544543230584e-01 1.000000000000000000e+00
9.023782925783808695e-01 9.339579014274399515e-01 1.000000000000000000e+00
6.134264468499642797e-01 1.777563841590714677e-01 -1.000000000000000000e+00
2.495607769671925880e-01 8.494746063327770491e-01 1.000000000000000000e+00
3.798992774383272986e-01 5.849099285540245718e-01 -1.000000000000000000e+00
3.230953190474522563e-01 6.087964624267119262e-01 -1.000000000000000000e+00
1.111238615539434926e-01 4.910746326983715937e-01 -1.000000000000000000e+00
8.156441096183125739e-01 9.716281841458317414e-01 1.000000000000000000e+00
2.651207618429327617e-01 7.727078302712746538e-01 1.000000000000000000e+00
9.309255665378156630e-01 8.787844203480578154e-01 1.000000000000000000e+00
9.758284667165376680e-01 8.750521203220308353e-01 1.000000000000000000e+00
8.735380871740896502e-01 6.402148009869623735e-01 1.000000000000000000e+00
5.469678633111416666e-01 2.007589817120647435e-02 -1.000000000000000000e+00
1.578783106304597617e-01 2.920085852282450212e-02 -1.000000000000000000e+00
7.825335966393140996e-01 2.666500982261073016e-01 1.000000000000000000e+00
4.045605938208935992e-01 8.052822796410553652e-01 1.000000000000000000e+00
3.197381799101169930e-01 5.843801988889522070e-01 -1.000000000000000000e+00
7.435416448417498936e-01 7.002921627945695171e-01 1.000000000000000000e+00
4.473570123328314274e-01 3.298504361936790419e-01 -1.000000000000000000e+00
1.009389817062186223e-01 7.612967977636072581e-01 -1.000000000000000000e+00
2.830069686445235710e-01 7.584264739225035079e-01 1.000000000000000000e+00
5.492491181046027515e-01 5.166267552953618392e-02 -1.000000000000000000e+00
4.111199392005248088e-01 6.261275167227440264e-01 1.000000000000000000e+00
1.610370061415002940e-01 1.772127934566469776e-02 -1.000000000000000000e+00
8.286066065034328743e-01 9.203480755475150765e-01 1.000000000000000000e+00
9.569445433081469332e-02 1.116446202457586079e-01 -1.000000000000000000e+00
5.743300972550768879e-02 5.868627550061467080e-01 -1.000000000000000000e+00
3.591784790602192690e-02 7.262925359084714261e-01 -1.000000000000000000e+00
8.371443003160025098e-01 3.438603561682398446e-01 1.000000000000000000e+00
1.415526011136605256e-01 1.348981852122861369e-01 -1.000000000000000000e+00
9.152717411120886437e-01 8.178853758852780986e-01 1.000000000000000000e+00
7.027671944693606454e-01 8.447502441736426393e-01 1.000000000000000000e+00
1.226752401774950929e-01 6.251973077048771366e-01 -1.000000000000000000e+00
8.559219044877858229e-01 8.691064829951612447e-01 1.000000000000000000e+00
2.341633984463761253e-01 7.458917436886384200e-01 -1.000000000000000000e+00
7.762106513217803538e-02 6.371299790717912526e-01 -1.000000000000000000e+00
3.118351927203276697e-01 6.930104439950433015e-01 1.000000000000000000e+00
8.252134311335539429e-01 9.696136857083775817e-01 1.000000000000000000e+00
4.633805702503797086e-01 9.821347504276922713e-02 -1.000000000000000000e+00
2.435906315854552417e-03 2.842399972026491417e-01 -1.000000000000000000e+00
7.957473336385220142e-01 6.132869603933288616e-01 1.000000000000000000e+00
4.986575530488073227e-01 7.964038164823902255e-01 1.000000000000000000e+00
5.220749944411149368e-01 2.407717905589509266e-01 -1.000000000000000000e+00
1.703244727580187634e-01 9.284722232880160409e-01 1.000000000000000000e+00
8.250457339384565936e-01 2.295045828465884785e-01 1.000000000000000000e+00
5.789112923565691293e-01 3.118575520758017916e-01 -1.000000000000000000e+00
4.207372831267431890e-01 3.193427936849602133e-02 -1.000000000000000000e+00
6.489942666725277975e-01 8.319747075302907913e-01 1.000000000000000000e+00
1.447750002922205681e-01 5.672205036455956195e-01 -1.000000000000000000e+00
2.152892827982879620e-01 3.784390592179843749e-01 -1.000000000000000000e+00
6.333882808829759403e-01 3.146653977032756178e-01 -1.000000000000000000e+00
4.344860740009894862e-01 6.771910172678374806e-01 1.000000000000000000e+00
9.676732156973509857e-01 8.926974071946958134e-02 1.000000000000000000e+00
7.947586475572642195e-01 3.263456041971517507e-01 1.000000000000000000e+00
8.435449169703206351e-01 4.599246312679334814e-01 1.000000000000000000e+00
7.621588167614009590e-01 1.343435119496262375e-01 -1.000000000000000000e+00
2.127444302048618896e-01 7.642208441474958036e-01 -1.000000000000000000e+00
4.543044460964270614e-01 9.261330255730022554e-01 1.000000000000000000e+00
6.637785652095319344e-01 5.705325695211113102e-01 1.000000000000000000e+00
4.492872183241863882e-01 5.350727378121097333e-01 -1.000000000000000000e+00
3.912058377605870385e-01 2.632415724854599848e-01 -1.000000000000000000e+00
6.766419080290005938e-01 1.728224491518450812e-01 -1.000000000000000000e+00
3.779510551593256995e-01 6.199932656842260803e-01 -1.000000000000000000e+00
5.162678552735078252e-01 9.120595874524085600e-01 1.000000000000000000e+00
3.721888444779013483e-01 7.581752654936251279e-01 1.000000000000000000e+00
8.322774847322622627e-01 7.977725323615808550e-01 1.000000000000000000e+00
9.423568829780124556e-01 6.823478100041550087e-01 1.000000000000000000e+00
4.235069665935914385e-01 7.750867088614178391e-01 1.000000000000000000e+00
8.495946980366811951e-01 3.635841753956551292e-01 1.000000000000000000e+00
9.780276354090403634e-01 1.715084037839859077e-01 1.000000000000000000e+00
5.109724373930198960e-01 9.070340303143967775e-01 1.000000000000000000e+00
8.598996178245873478e-01 9.503667111915270471e-02 -1.000000000000000000e+00
7.996505334797902043e-01 4.753732542016104734e-01 1.000000000000000000e+00
8.263761602425594432e-01 6.073907283740194174e-01 1.000000000000000000e+00
1.369376523651233413e-01 4.846188944548835975e-01 -1.000000000000000000e+00
1.887016804337171560e-02 7.386960028263678257e-01 -1.000000000000000000e+00
2.880763835685512531e-01 3.786597585436745073e-01 -1.000000000000000000e+00
4.655607318866852307e-01 1.985441278286992350e-01 -1.000000000000000000e+00
6.814201545204444654e-01 2.690791901701221622e-01 -1.000000000000000000e+00
5.234047807752505443e-01 6.435831150116839705e-01 1.000000000000000000e+00
8.851115422503728070e-01 5.720605556131074243e-01 1.000000000000000000e+00
8.092932329838919969e-01 2.097960358988247842e-01 1.000000000000000000e+00
7.420869139587128460e-01 7.540642718998151750e-01 1.000000000000000000e+00
4.603184837259833850e-01 3.329875114302633943e-01 -1.000000000000000000e+00
8.660284972425232874e-01 9.573151579114375087e-01 1.000000000000000000e+00
2.723664547276516412e-02 4.665973943958398040e-01 -1.000000000000000000e+00
6.581629889398955546e-01 3.624807699745434819e-01 1.000000000000000000e+00
4.550217771081349616e-01 8.105760518261336811e-01 1.000000000000000000e+00
4.659241360555683720e-01 8.989127141466902726e-01 1.000000000000000000e+00
4.762718296973190713e-01 8.082151631469305375e-01 1.000000000000000000e+00
7.525288150741387128e-01 4.694092099921706174e-01 1.000000000000000000e+00
7.119856229936550873e-01 4.153425599442062133e-02 -1.000000000000000000e+00
8.649753699190532163e-01 3.815876278447525305e-01 1.000000000000000000e+00
4.429522604256223017e-01 4.030707486303122256e-01 -1.000000000000000000e+00
2.243949775251312673e-01 1.204083690237056636e-01 -1.000000000000000000e+00
3.907133591262629269e-01 8.508478286235102717e-01 1.000000000000000000e+00
4.121922224812260005e-01 1.125337657167377881e-01 -1.000000000000000000e+00
7.812878485161488529e-01 4.328445425805960145e-01 1.000000000000000000e+00
3.942050892007663565e-01 5.274901454903190290e-01 -1.000000000000000000e+00
4.792637722453212401e-01 1.055142232682675374e-01 -1.000000000000000000e+00
2.026389174855027786e-01 9.050043930454143570e-02 -1.000000000000000000e+00
8.537542998142745310e-01 7.631409165860564281e-01 1.000000000000000000e+00
1.480232299286253772e-01 7.630461694986971910e-01 -1.000000000000000000e+00
4.254149364647914489e-01 4.246847687890674683e-01 -1.000000000000000000e+00
1.033780530639040185e-01 7.279931692466791171e-01 -1.000000000000000000e+00
2.558212169791148627e-01 1.058000713853701757e-01 -1.000000000000000000e+00
8.670454017708119077e-01 6.363666494995663392e-01 1.000000000000000000e+00
6.940079828856016153e-02 8.923170266877377133e-01 -1.000000000000000000e+00
7.564184351039626719e-02 7.635902684094157955e-01 -1.000000000000000000e+00
9.226094470589174534e-01 4.509676994045668241e-01 1.000000000000000000e+00
4.246573286350513454e-01 2.220203099252664458e-01 -1.000000000000000000e+00
5.337759503481895873e-01 9.482781554978384486e-01 1.000000000000000000e+00
5.464835018896855301e-01 7.591156268671650498e-02 -1.000000000000000000e+00
9.929965435626069148e-01 4.586278296820537337e-01 1.000000000000000000e+00
3.008103475373381519e-01 6.947689282470421723e-01 -1.000000000000000000e+00
1.237542700416915942e-02 2.614076643083351748e-02 -1.000000000000000000e+00
6.988772554483242416e-01 5.669438196090877957e-01 1.000000000000000000e+00
1.346663015255270546e-01 4.810177696413900916e-01 -1.000000000000000000e+00
9.785685536249379979e-01 7.449222645805564369e-02 1.000000000000000000e+00
8.623239123872111778e-01 4.152497862173082366e-01 1.000000000000000000e+00
2.588396405461078631e-01 6.224812127878347479e-01 -1.000000000000000000e+00
1.530455115242066455e-01 7.702376553344457699e-01 -1.000000000000000000e+00
5.339512871189895371e-01 6.552150981278093145e-01 1.000000000000000000e+00
4.858131568946943979e-01 5.295782210538068080e-01 1.000000000000000000e+00
6.293253169110278877e-01 6.396415421148680114e-01 1.000000000000000000e+00
4.701919287781842760e-01 7.195040006162922719e-01 1.000000000000000000e+00
6.026206960498055043e-01 9.844484407667645209e-01 1.000000000000000000e+00
5.278244934350024842e-01 8.877044691271815946e-01 1.000000000000000000e+00
2.505871056784753081e-01 4.489824612013988414e-01 -1.000000000000000000e+00
4.689646966768544756e-01 8.157038446741197157e-01 1.000000000000000000e+00
6.590185205085007381e-01 2.169362507621057645e-01 -1.000000000000000000e+00
6.521365277055872767e-01 8.328112128788371926e-01 1.000000000000000000e+00
7.228590186709181742e-01 4.055704881228159309e-01 1.000000000000000000e+00
4.009417853055320391e-01 6.576725370214220323e-02 -1.000000000000000000e+00
2.093324565146820193e-01 1.324645721227525330e-01 -1.000000000000000000e+00
4.361960505432438406e-02 4.419219551594822937e-01 -1.000000000000000000e+00
2.173363253411715323e-01 9.996502488197496206e-01 1.000000000000000000e+00
3.533360879214187955e-01 3.856780043485241727e-02 -1.000000000000000000e+00
6.615136591326459259e-01 6.783555925466159264e-01 1.000000000000000000e+00
4.986166286526201308e-01 8.084019293575237519e-01 1.000000000000000000e+00
3.554634138079360017e-01 7.891645837656580120e-02 -1.000000000000000000e+00
9.539674291226007963e-01 6.403353715716718630e-01 1.000000000000000000e+00
5.217424644528189104e-01 8.298537228216895656e-01 1.000000000000000000e+00
3.096928915125960469e-01 7.578877911041986826e-01 1.000000000000000000e+00
6.367951450485027642e-01 9.207658856444067563e-02 -1.000000000000000000e+00
1.411008548997579881e-01 9.256712477396890071e-01 1.000000000000000000e+00
2.968369948265288105e-01 1.714116424236057368e-01 -1.000000000000000000e+00
2.204119133925360741e-01 8.813003236370027249e-01 1.000000000000000000e+00
5.381413589783996532e-01 6.833045692051487041e-01 1.000000000000000000e+00
9.246361499669933925e-01 8.150202082391285741e-01 1.000000000000000000e+00
9.255313711398663878e-01 6.294904363559643556e-01 1.000000000000000000e+00
8.153039238878526662e-01 8.360897402151589164e-01 1.000000000000000000e+00
9.377555843332608942e-01 9.911127475855314728e-01 1.000000000000000000e+00
4.767055038187714144e-01 3.919519976281038431e-02 -1.000000000000000000e+00
1.783670311322891333e-01 8.592055273539046523e-01 1.000000000000000000e+00
6.751742538078574496e-01 5.628009173695296408e-01 1.000000000000000000e+00
3.465964249860293833e-01 5.997155054253677786e-01 -1.000000000000000000e+00
3.728855433721410817e-01 1.099935866376844373e-01 -1.000000000000000000e+00
9.175116239517733252e-02 9.332425651151177171e-01 1.000000000000000000e+00
1.490951453760528400e-01 6.079124099563349981e-01 -1.000000000000000000e+00
6.042691533697319706e-02 5.247451367881331707e-01 -1.000000000000000000e+00
9.061550458117676454e-01 7.436148721441194764e-01 1.000000000000000000e+00
7.832926145591666556e-01 9.537486420285956612e-03 -1.000000000000000000e+00
5.761685217652235957e-01 5.704664376583062912e-01 1.000000000000000000e+00
2.560432663822920230e-01 9.569696490889515461e-01 1.000000000000000000e+00
6.247888566735191329e-01 9.883999271572629919e-02 -1.000000000000000000e+00
6.329406024204973225e-01 3.372076384551251360e-01 -1.000000000000000000e+00
2.808363059217011681e-02 7.045833962184208099e-01 -1.000000000000000000e+00
7.429146179735344191e-01 2.241190778898675129e-01 -1.000000000000000000e+00
7.024698102402248123e-01 1.901001024696867825e-01 -1.000000000000000000e+00
3.489875429160668174e-01 8.902125496153013851e-01 1.000000000000000000e+00
5.269133586738815600e-01 9.969898998162118886e-01 1.000000000000000000e+00
9.639931649772488509e-01 1.580326991089272548e-01 1.000000000000000000e+00
7.185521310837998943e-01 2.092988886543201144e-01 -1.000000000000000000e+00
3.396063570220164696e-02 5.789317599118569690e-01 -1.000000000000000000e+00
1.535691230668618790e-01 8.983169252653979697e-01 1.000000000000000000e+00
7.525112677876055756e-02 7.352823500519316546e-01 -1.000000000000000000e+00
3.513685437825354585e-01 1.725376540776660805e-01 -1.000000000000000000e+00
1.578233091167182689e-01 2.355268843062924278e-01 -1.000000000000000000e+00
8.076743887947559486e-01 3.206661937784867078e-01 1.000000000000000000e+00
4.958937443382833710e-01 6.799952774839407299e-01 1.000000000000000000e+00
6.877567786412758233e-01 2.695073100555636092e-01 -1.000000000000000000e+00
3.280692144955836831e-01 9.262043226477933988e-01 1.000000000000000000e+00
2.216156050736833860e-01 4.639090399409351306e-03 -1.000000000000000000e+00
5.756176083340980298e-01 5.554244820940250627e-01 1.000000000000000000e+00
6.044350043481029333e-01 9.913450794625676687e-01 1.000000000000000000e+00
8.411975147892015725e-01 8.263633293777644662e-01 1.000000000000000000e+00
4.518231717311741447e-01 1.219995045783273113e-01 -1.000000000000000000e+00
7.983534641986538283e-01 7.025973601187740503e-02 -1.000000000000000000e+00
6.489390232793168511e-01 4.910382850536756383e-01 1.000000000000000000e+00
7.958816743883729838e-01 1.750607191399013995e-01 -1.000000000000000000e+00
5.366029223262347436e-01 1.725689103972027905e-01 -1.000000000000000000e+00
1.686630710379277698e-01 1.576212452797048913e-01 -1.000000000000000000e+00
2.632010017432108162e-01 9.300880792620768167e-01 1.000000000000000000e+00
5.277993462889073450e-01 7.068258791357965309e-01 1.000000000000000000e+00
4.783564491529925800e-01 6.546874106148259376e-02 -1.000000000000000000e+00
7.259115709854829790e-01 6.581702831274959253e-01 1.000000000000000000e+00
3.324443430976059544e-01 1.951898616148580734e-01 -1.000000000000000000e+00
4.112679208176575063e-01 3.304283236425277215e-01 -1.000000000000000000e+00
7.981969440000336036e-02 1.532173028891693489e-01 -1.000000000000000000e+00
9.949499886222324951e-01 6.680145597730353657e-01 1.000000000000000000e+00
3.159915324607993625e-01 7.341734387270486550e-01 1.000000000000000000e+00
7.030059597905736757e-01 4.708932072239935263e-02 -1.000000000000000000e+00
3.367163950390095195e-01 9.912246201513462696e-01 1.000000000000000000e+00
5.976364689291280285e-02 7.287397907235289019e-01 -1.000000000000000000e+00
6.068974106202711383e-01 6.636276872853964504e-01 1.000000000000000000e+00
2.049198788455133258e-01 2.059556009016925149e-01 -1.000000000000000000e+00
7.937348194088537090e-01 2.206167436232844281e-01 1.000000000000000000e+00
1.468987327582610414e-01 2.706212891883559291e-01 -1.000000000000000000e+00
4.862941019506646922e-01 5.937178535239159283e-01 1.000000000000000000e+00
8.811886030913234080e-01 5.044213471473231181e-01 1.000000000000000000e+00
8.144760847700207584e-01 5.752478770898376004e-01 1.000000000000000000e+00
7.368021666567048378e-02 3.675034673845667399e-04 -1.000000000000000000e+00
6.112873252615647068e-01 5.393161702623773257e-01 1.000000000000000000e+00
6.739022122574952478e-01 2.448765261114056457e-01 -1.000000000000000000e+00
6.831375849951020207e-01 7.089623758803895726e-01 1.000000000000000000e+00
3.430838898320855979e-01 1.575890539877616847e-01 -1.000000000000000000e+00
6.243375838305083025e-01 3.730507767555258924e-01 -1.000000000000000000e+00
4.695746764256155670e-01 4.732631577460089112e-01 -1.000000000000000000e+00
7.283678184784714293e-01 1.917374194959250433e-01 -1.000000000000000000e+00
9.188327827462291486e-01 1.849700760367242180e-01 1.000000000000000000e+00
9.324197261106468293e-01 1.561948557087003975e-01 1.000000000000000000e+00
1.722632762598497180e-02 9.732416977969665650e-01 -1.000000000000000000e+00
1.010494715975522872e-01 1.340114325323217281e-01 -1.000000000000000000e+00
5.433428967294072764e-01 5.630730209555458998e-01 1.000000000000000000e+00
7.044602587864834398e-02 2.736870784976087601e-01 -1.000000000000000000e+00
8.513132942631187472e-01 2.558756878131694945e-01 1.000000000000000000e+00
9.454163317314144832e-01 7.324582254053415564e-01 1.000000000000000000e+00
6.765595037847682569e-02 7.426230574119800920e-01 -1.000000000000000000e+00
6.984070916823122976e-01 5.268837866727660302e-01 1.000000000000000000e+00
8.283237978982407324e-01 7.469223575421203298e-01 1.000000000000000000e+00
7.523868852774118210e-02 5.784436154329247737e-01 -1.000000000000000000e+00
8.103880772253886366e-01 8.817808744904246376e-01 1.000000000000000000e+00
6.043810135220374358e-01 3.244861961533924699e-01 -1.000000000000000000e+00
5.085514887585614874e-01 4.076301834844596739e-01 -1.000000000000000000e+00
3.693529805642800090e-01 3.398299988309211317e-01 -1.000000000000000000e+00
5.409761675990530927e-01 6.783475397748071067e-01 1.000000000000000000e+00
3.429285270789792506e-01 7.460471574280318485e-01 1.000000000000000000e+00
4.231224865926634937e-01 8.315694489486449292e-01 1.000000000000000000e+00
6.815978416120920258e-01 1.291324967891080977e-01 -1.000000000000000000e+00
3.228200617692525975e-01 5.227653904079421210e-02 -1.000000000000000000e+00
4.350280357038971424e-01 5.351460862047779932e-01 -1.000000000000000000e+00
3.507534014437785341e-01 2.248519351860526205e-01 -1.000000000000000000e+00
7.625975334922885374e-01 1.318658902717981807e-01 -1.000000000000000000e+00
9.808834102494282670e-01 1.035182949168526045e-01 1.000000000000000000e+00
5.791153525699737070e-01 6.943765416299569893e-01 1.000000000000000000e+00
8.674358894806670772e-01 8.939994882661991271e-01 1.000000000000000000e+00
9.687714857508811228e-01 8.807350227606171034e-01 1.000000000000000000e+00
9.823145408102564868e-01 9.036327555550588420e-01 1.000000000000000000e+00
5.176243171181402758e-01 5.713650454459294759e-01 1.000000000000000000e+00
9.896319981285378597e-01 8.719037730371193007e-01 1.000000000000000000e+00
3.135450912509014643e-01 6.059426738094120246e-02 -1.000000000000000000e+00
4.983724803961654404e-01 5.304226135620389027e-01 1.000000000000000000e+00
4.282553711320702394e-01 6.203803592794162602e-01 1.000000000000000000e+00
2.689161988567618788e-01 8.018830432431145461e-02 -1.000000000000000000e+00
8.142677863271100547e-01 9.651018610290929001e-02 -1.000000000000000000e+00
2.650787903720189798e-01 7.003460392871937445e-01 -1.000000000000000000e+00
8.951968046301093107e-01 2.064364804205597315e-01 1.000000000000000000e+00
6.626501254076646585e-01 5.134516686496850557e-01 1.000000000000000000e+00
5.499921453828735540e-01 4.707301054861374734e-01 1.000000000000000000e+00
4.293030160135035134e-01 4.841615310594438171e-02 -1.000000000000000000e+00
2.441362240259354888e-01 7.854587719097080312e-01 1.000000000000000000e+00
6.538367514508575118e-01 6.919461391984882415e-01 1.000000000000000000e+00
6.732850836118594584e-01 5.544942865111811559e-01 1.000000000000000000e+00
2.667958591621535369e-01 1.220784191088012394e-01 -1.000000000000000000e+00
4.065843607838841578e-01 5.111130871388026575e-01 -1.000000000000000000e+00
2.786606802814057815e-01 3.922837953307500847e-03 -1.000000000000000000e+00
8.855856522975902312e-01 8.988755552415041983e-01 1.000000000000000000e+00
3.560736674653308675e-01 8.755352219304720629e-01 1.000000000000000000e+00
6.095362973006640539e-01 7.325617722618930072e-01 1.000000000000000000e+00
2.558971946687758070e-01 2.972591885533988343e-01 -1.000000000000000000e+00
9.143352036142819994e-01 2.270854315159132053e-02 -1.000000000000000000e+00
7.741363986747085146e-01 5.209697665309825920e-01 1.000000000000000000e+00
2.489531614731106401e-01 8.108367333653173636e-01 1.000000000000000000e+00
2.372013809073724167e-01 2.409192441837247900e-01 -1.000000000000000000e+00
1.709317643194130376e-01 5.327490521913289534e-01 -1.000000000000000000e+00
4.958757793945982595e-01 8.786844859520872575e-01 1.000000000000000000e+00
5.727122012072924928e-01 5.852714565031102989e-01 1.000000000000000000e+00
8.133087898317244990e-01 9.412575518896966198e-01 1.000000000000000000e+00
9.764214539857452024e-02 8.208304769789498412e-01 -1.000000000000000000e+00
2.090377552912706660e-01 4.590256663968782513e-01 -1.000000000000000000e+00
8.560565404376080378e-01 8.603736532155624728e-01 1.000000000000000000e+00
1.408277545835138200e-01 5.942436242480247932e-01 -1.000000000000000000e+00
2.675053178277186916e-01 1.339336666560070332e-01 -1.000000000000000000e+00
7.630371152055359651e-02 7.013471716065831085e-01 -1.000000000000000000e+00
3.079527900140466290e-02 9.945817233414595560e-01 1.000000000000000000e+00
7.194577072461671996e-01 2.261720978091423806e-01 -1.000000000000000000e+00
7.690015622671237949e-01 9.308184633619487336e-03 -1.000000000000000000e+00
1.126532953828154326e-01 9.935868536539312901e-01 1.000000000000000000e+00
7.071930250414198982e-01 8.462107458731377152e-01 1.000000000000000000e+00
4.991253559291018993e-01 5.448473252053789295e-01 1.000000000000000000e+00
5.518005325861432553e-01 8.356353372488518616e-01 1.000000000000000000e+00
5.758406888538755153e-01 7.008767301749821987e-01 1.000000000000000000e+00
5.062172954267241121e-01 6.554723176078638414e-01 1.000000000000000000e+00
6.239289737230738764e-01 6.590592034564400903e-01 1.000000000000000000e+00
3.080609106916559758e-01 6.225270947784200537e-01 -1.000000000000000000e+00
8.669459005973629839e-01 7.381770910808502784e-01 1.000000000000000000e+00
8.096218293526324938e-02 2.362424905586434365e-01 -1.000000000000000000e+00
5.193076773331728457e-02 6.646586598557505665e-01 -1.000000000000000000e+00
7.215735820073132523e-01 9.240777904745520743e-01 1.000000000000000000e+00
9.230387780720862301e-01 5.566024292986183619e-01 1.000000000000000000e+00
5.812685690279976169e-01 8.754345088493580285e-01 1.000000000000000000e+00
1.297594318155796955e-01 3.998170596763928053e-02 -1.000000000000000000e+00
1.051685545918473741e-01 4.493478845099648789e-01 -1.000000000000000000e+00
9.469777127228605762e-01 6.730608750732204326e-01 1.000000000000000000e+00
1.017485388610149810e-01 1.624318624064926553e-01 -1.000000000000000000e+00
4.932150855897493580e-01 2.740624046703432626e-01 -1.000000000000000000e+00
3.476674412798566038e-01 4.719831490806136731e-01 -1.000000000000000000e+00
1.621416544233318380e-01 7.851899049754049731e-01 -1.000000000000000000e+00
2.798006603555202032e-01 1.335968564227232314e-01 -1.000000000000000000e+00
3.387272173286611787e-01 8.342507022062004562e-01 1.000000000000000000e+00
5.758468023476781550e-02 7.297102187037658449e-01 -1.000000000000000000e+00
6.152086898409503402e-01 3.390573125552509559e-02 -1.000000000000000000e+00
5.109624351804434861e-01 1.047599678690672720e-01 -1.000000000000000000e+00
2.080724031817517972e-01 6.061668056915536784e-02 -1.000000000000000000e+00
6.925942127896679290e-01 2.614416068480203137e-01 -1.000000000000000000e+00
2.482589020982313155e-01 3.727119159788948588e-01 -1.000000000000000000e+00
6.342374406390627328e-02 3.211519481149016642e-01 -1.000000000000000000e+00
7.493983974660511915e-02 3.607335831321379915e-01 -1.000000000000000000e+00
5.350744131480592580e-01 7.758314951874942800e-01 1.000000000000000000e+00
5.823962766157719795e-02 9.687484749736797740e-01 1.000000000000000000e+00
1.081359383158615461e-01 1.408428241614436693e-01 -1.000000000000000000e+00
6.513379155179459534e-01 7.131302392275190583e-01 1.000000000000000000e+00
1.643465543873081636e-01 4.432061116598927653e-01 -1.000000000000000000e+00
5.142919902085911765e-01 1.884667031360433009e-01 -1.000000000000000000e+00
6.921989231730152348e-03 2.395073218337873122e-03 -1.000000000000000000e+00
4.666296348720757603e-01 7.950298086912812590e-01 1.000000000000000000e+00
7.356182814955753990e-01 9.607739981038531107e-01 1.000000000000000000e+00
1.194811631782256578e-01 9.162891343198397154e-01 1.000000000000000000e+00
8.292895154548516334e-01 3.263049728530361682e-01 1.000000000000000000e+00
3.901793854647913617e-01 4.455107665765750680e-01 -1.000000000000000000e+00
5.529462945997716261e-01 9.384916978866493231e-01 1.000000000000000000e+00
3.250595852329056790e-01 7.697476998426228123e-01 1.000000000000000000e+00
9.249064743915139664e-01 7.136593599522346176e-01 1.000000000000000000e+00
1.583870951869786881e-01 1.272433053582141538e-01 -1.000000000000000000e+00
2.485503443137176971e-01 9.508040764662798461e-01 1.000000000000000000e+00
4.872640427173258182e-02 8.835041190944808998e-01 -1.000000000000000000e+00
1.863592915291184537e-01 7.193523888161135194e-02 -1.000000000000000000e+00
1.801696679695615755e-01 6.737876401109276214e-01 -1.000000000000000000e+00
7.347662651433229941e-01 8.139453130351335108e-01 1.000000000000000000e+00
5.956784591423662789e-01 2.891406638674847152e-01 -1.000000000000000000e+00
8.499110845624029409e-01 8.390935021678630479e-01 1.000000000000000000e+00
4.377062099243532733e-01 9.427929180920934238e-01 1.000000000000000000e+00
3.616081781680954288e-01 8.626843846542948668e-01 1.000000000000000000e+00
3.895269654926052372e-01 1.964743260127478353e-01 -1.000000000000000000e+00
4.166787710313534232e-01 9.208992069804669001e-01 1.000000000000000000e+00
3.125216216129730329e-01 3.203538756606072457e-01 -1.000000000000000000e+00
3.073826328720474788e-01 8.261625907655085754e-01 1.000000000000000000e+00
7.924855253893015039e-01 8.028850496020595306e-01 1.000000000000000000e+00
8.917322438548012098e-01 1.073565943018395252e-02 -1.000000000000000000e+00
9.253469516270266260e-01 7.164714544925648854e-01 1.000000000000000000e+00
1.129774252912352228e-02 9.473782661714227338e-01 -1.000000000000000000e+00
1.255383499015619853e-01 5.439410688610868405e-02 -1.000000000000000000e+00
7.962895897579967963e-01 8.113379440721600888e-01 1.000000000000000000e+00
5.132300460539731546e-01 6.051079054139221203e-01 1.000000000000000000e+00
7.339942552262366249e-01 9.908808197401434148e-01 1.000000000000000000e+00
8.119226412903572943e-01 6.400900183609754546e-01 1.000000000000000000e+00
9.880583674392917626e-01 7.734329896555864892e-01 1.000000000000000000e+00
2.968949579194792854e-01 4.617441795192706033e-01 -1.000000000000000000e+00
1.093577264197866938e-01 5.311648924654351900e-01 -1.000000000000000000e+00
4.360862031967430719e-01 9.049984036670539744e-01 1.000000000000000000e+00
7.749329652235527055e-01 8.067835148642583665e-01 1.000000000000000000e+00
6.138923381896582709e-01 7.171649267001307670e-01 1.000000000000000000e+00
2.538692299825467957e-01 1.532233110625362826e-01 -1.000000000000000000e+00
3.572103587084104470e-01 6.669741464083746019e-01 1.000000000000000000e+00
1.846207802547865651e-01 7.153985628677221875e-01 -1.000000000000000000e+00
6.253618742989738299e-01 9.132486178598913096e-01 1.000000000000000000e+00
3.273978568536898281e-01 4.148593519691325948e-01 -1.000000000000000000e+00
8.278191949629000179e-01 2.875237626942701574e-01 1.000000000000000000e+00
9.633715425981108638e-01 3.098632075084758464e-01 1.000000000000000000e+00
7.436324801207028212e-01 6.010833394370431737e-01 1.000000000000000000e+00
4.141878747943189554e-01 1.572004913818212390e-01 -1.000000000000000000e+00
7.064321774690406341e-01 1.465063319504690265e-01 -1.000000000000000000e+00
8.480936832816999837e-01 5.335607802048851767e-01 1.000000000000000000e+00
2.605007685139214546e-01 3.765444750730152501e-01 -1.000000000000000000e+00
8.823200427546953328e-01 9.724805031275780554e-01 1.000000000000000000e+00
5.201662634640840110e-01 7.573773367940125345e-01 1.000000000000000000e+00
2.617193977876491884e-01 5.332642628513567518e-01 -1.000000000000000000e+00
8.354795962448636759e-01 2.359433847662821826e-01 1.000000000000000000e+00
4.091898424093181053e-01 3.860747709572647235e-01 -1.000000000000000000e+00
7.105304486967419786e-01 9.545931161691308953e-01 1.000000000000000000e+00
2.967713238928618713e-01 1.372022411915382323e-01 -1.000000000000000000e+00
6.473288005427020320e-01 3.879771419637217944e-01 1.000000000000000000e+00
3.759693063710300986e-01 9.881282820385555166e-01 1.000000000000000000e+00
2.471441204331659147e-02 5.383661759429755334e-01 -1.000000000000000000e+00
2.513712442957706239e-01 1.857028117533384703e-01 -1.000000000000000000e+00
1.183731016547950876e-02 4.630403778407029547e-01 -1.000000000000000000e+00
8.260137260058728614e-01 1.480324358056156475e-01 -1.000000000000000000e+00
8.776840742753831970e-01 7.103497028746330599e-02 -1.000000000000000000e+00
4.969126941227514083e-01 1.555868345228101912e-01 -1.000000000000000000e+00
1.279115227926065357e-01 5.253134611380763097e-01 -1.000000000000000000e+00
6.594611612393527222e-01 1.469849800977987009e-01 -1.000000000000000000e+00
4.947329021007638161e-01 5.773855204482046810e-01 1.000000000000000000e+00
9.633022935830296563e-01 8.097056312077708373e-01 1.000000000000000000e+00
5.669301784357895224e-01 6.243305197715040000e-01 1.000000000000000000e+00
6.247380422279732448e-01 6.296334178360033507e-01 1.000000000000000000e+00
4.478383963999883477e-01 2.373130652578703259e-01 -1.000000000000000000e+00
6.734733222027429189e-01 8.686532138273049819e-01 1.000000000000000000e+00
5.993892007293591950e-01 5.779083647635395726e-01 1.000000000000000000e+00
2.988229806769506780e-01 4.004734318755009959e-01 -1.000000000000000000e+00
8.228696894948381857e-01 4.868092731480353486e-01 1.000000000000000000e+00
4.035286723454778457e-02 9.484265894232363214e-01 -1.000000000000000000e+00
2.627257236620028635e-02 2.963955740741660572e-01 -1.000000000000000000e+00
3.879484788543270390e-01 3.658744558007881453e-01 -1.000000000000000000e+00
7.608913337282496858e-02 9.797910005075128881e-01 1.000000000000000000e+00
6.927303413928834752e-01 7.142738986266017331e-01 1.000000000000000000e+00
1.145521392954602646e-01 7.421391533707997201e-01 -1.000000000000000000e+00
3.253428084312737223e-01 6.633128799410851206e-01 -1.000000000000000000e+00
4.625691800188371783e-01 1.800124193033584286e-01 -1.000000000000000000e+00
6.391441858833457612e-02 3.757894446032962188e-01 -1.000000000000000000e+00
8.194847965656640865e-01 2.829623590738371552e-01 1.000000000000000000e+00
7.937642712148593738e-01 2.943137376678994777e-02 -1.000000000000000000e+00
4.902374399955077289e-01 2.598119405063844534e-01 -1.000000000000000000e+00
2.200277568031904218e-01 1.290756667917708489e-01 -1.000000000000000000e+00
5.388421587337928198e-01 8.416774738570462766e-01 1.000000000000000000e+00
7.593908995828473341e-01 2.000139536882592495e-01 -1.000000000000000000e+00
2.095521406155298472e-02 9.732871056215164351e-02 -1.000000000000000000e+00
4.739163255599559976e-01 3.602888374251375092e-01 -1.000000000000000000e+00
4.241208717417562779e-01 2.417754308934523255e-01 -1.000000000000000000e+00
6.627416135058625812e-01 8.964227428897396655e-01 1.000000000000000000e+00
2.026993447673934856e-01 9.198341511811436444e-02 -1.000000000000000000e+00
1.687293954570445731e-02 5.876076259470396357e-01 -1.000000000000000000e+00
3.301256953895107538e-01 6.325316240581875249e-01 -1.000000000000000000e+00
6.456004323005236634e-01 2.649233970336737354e-01 -1.000000000000000000e+00
8.415606124575321090e-01 5.731481602171406564e-03 -1.000000000000000000e+00
4.339644635543913331e-01 6.703524936819388325e-01 1.000000000000000000e+00
1.436581372089872355e-01 7.555419327041977828e-01 -1.000000000000000000e+00
1.679629775148738791e-02 8.142617051913664250e-01 -1.000000000000000000e+00
1.506846547155277216e-01 6.496658934712210565e-01 -1.000000000000000000e+00
5.701003555734354133e-01 2.268749274934094284e-01 -1.000000000000000000e+00
8.826560983547280248e-01 3.619580906637960283e-01 1.000000000000000000e+00
6.742258385407378096e-01 5.399196943956795502e-01 1.000000000000000000e+00
2.685699231687455057e-01 5.444576438404582497e-01 -1.000000000000000000e+00
5.232910803384424048e-01 2.030693379753367722e-02 -1.000000000000000000e+00
6.206040636723947346e-01 7.278321563802762073e-01 1.000000000000000000e+00
5.670692895266651323e-01 6.442734055669029347e-01 1.000000000000000000e+00
7.099155810502737474e-01 1.108987379987256272e-01 -1.000000000000000000e+00
7.643245184351784571e-01 9.706478668969548140e-01 1.000000000000000000e+00
3.194301332959168516e-01 5.859827749970472066e-01 -1.000000000000000000e+00
8.154555589458026832e-01 7.719179189179572464e-01 1.000000000000000000e+00
3.016365415869058930e-01 3.662542570412624654e-01 -1.000000000000000000e+00
4.277540661285631485e-01 9.873721104889311428e-01 1.000000000000000000e+00
5.813211391863302158e-01 3.358567848905178455e-01 -1.000000000000000000e+00
6.756828362562493639e-01 4.311946735690128651e-01 1.000000000000000000e+00
5.912721218222460884e-02 3.080982688784396073e-01 -1.000000000000000000e+00
4.828049460601059328e-01 1.716572614213783821e-01 -1.000000000000000000e+00
2.650883808392603402e-01 4.306714242413712812e-01 -1.000000000000000000e+00
8.751081152353638037e-01 3.256922903305811134e-01 1.000000000000000000e+00
1.299821957736193578e-01 6.965649706283585374e-01 -1.000000000000000000e+00
6.406876225578050921e-01 3.959194963621142094e-01 1.000000000000000000e+00
1.521541177269452039e-01 8.078385227847220129e-01 -1.000000000000000000e+00
7.686112310200534647e-01 4.769841032902445432e-01 1.000000000000000000e+00
3.335993390399447645e-01 1.661201177268010198e-01 -1.000000000000000000e+00
2.720421488756612494e-01 9.343422106800484128e-01 1.000000000000000000e+00
9.312782013560335637e-01 1.992208060992508578e-01 1.000000000000000000e+00
4.182142991850924529e-01 6.725829892358206052e-01 1.000000000000000000e+00
1.588144212521533927e-01 3.521433907689061060e-01 -1.000000000000000000e+00
2.251052064287933918e-01 1.975536760141185511e-01 -1.000000000000000000e+00
3.017883655440845025e-02 5.089603806134967989e-01 -1.000000000000000000e+00
4.124161631084032331e-01 5.078682595964724156e-01 -1.000000000000000000e+00
4.721903461121206291e-01 5.983154502707905831e-01 1.000000000000000000e+00
2.151453077392505575e-01 8.028898934913131225e-02 -1.000000000000000000e+00
8.287851085575894672e-01 4.620023645192791184e-01 1.000000000000000000e+00
2.732794931552497975e-01 7.312988208556023828e-01 1.000000000000000000e+00
7.809760298958645652e-02 2.305369985290514068e-01 -1.000000000000000000e+00
3.277308352020914528e-01 7.043898193509060546e-01 1.000000000000000000e+00
6.870854519704283625e-01 1.882412984482949581e-01 -1.000000000000000000e+00
9.188760216806390879e-01 3.636182659337517942e-01 1.000000000000000000e+00
9.545395469142804457e-01 5.576915086674848476e-01 1.000000000000000000e+00
9.771447058529660890e-01 7.873871260388096704e-01 1.000000000000000000e+00
5.344473292646702012e-01 1.006827931944777044e-01 -1.000000000000000000e+00
7.223661269469117130e-01 4.079297287732297495e-01 1.000000000000000000e+00
9.437380353202562411e-02 4.878292619574066125e-01 -1.000000000000000000e+00
3.676445179370996241e-01 8.677598106628370278e-02 -1.000000000000000000e+00
6.244155142723423202e-01 9.504124250401060348e-01 1.000000000000000000e+00
9.558842057695317029e-01 7.468254856675016207e-02 1.000000000000000000e+00
1.436754565219244828e-02 9.047459331292450058e-01 -1.000000000000000000e+00
5.840800863958661715e-03 9.338204956242466270e-01 -1.000000000000000000e+00
1.387660706237595631e-01 6.317163678288723050e-01 -1.000000000000000000e+00
4.648332170332029056e-01 1.780888997881309166e-01 -1.000000000000000000e+00
7.653734486513796842e-01 3.188525422388964747e-01 1.000000000000000000e+00
9.063390813945452207e-01 2.284244448560843743e-01 1.000000000000000000e+00
9.387882800022635532e-01 9.083737248877459258e-01 1.000000000000000000e+00
9.476798808967961119e-01 4.394465854408169392e-04 -1.000000000000000000e+00
3.542599701177421290e-01 9.779599025858600747e-01 1.000000000000000000e+00
5.168730207078988670e-01 4.692573119221122857e-01 -1.000000000000000000e+00
2.841734924952808994e-01 8.987033400715067621e-01 1.000000000000000000e+00
3.202148891881001491e-01 4.133126214396282139e-01 -1.000000000000000000e+00
5.446595612420342958e-01 8.187969920147220027e-02 -1.000000000000000000e+00
7.157236238150980201e-01 1.449925991208503850e-01 -1.000000000000000000e+00
6.389768783597353785e-01 1.383742911997122293e-01 -1.000000000000000000e+00
9.175042822157283284e-01 4.913589740350786661e-01 1.000000000000000000e+00
9.449764692579762926e-01 5.728027341546976237e-01 1.000000000000000000e+00
5.967088054933042951e-01 6.795966194157295748e-01 1.000000000000000000e+00
1.808542449778818284e-01 9.570272872716167889e-01 1.000000000000000000e+00
9.402481084843810066e-01 7.779157952456428049e-03 -1.000000000000000000e+00
3.629634809923110161e-02 6.695806703174567165e-01 -1.000000000000000000e+00
2.122257084282829220e-01 3.086101125473962314e-01 -1.000000000000000000e+00
9.538335056811561019e-01 7.580316763550234427e-01 1.000000000000000000e+00
4.123292030993193080e-01 3.325752839447998488e-01 -1.000000000000000000e+00
6.693130926272772285e-02 9.105953387764639251e-01 -1.000000000000000000e+00
2.369999687850040671e-01 5.625657078699575209e-01 -1.000000000000000000e+00
7.970359205994558272e-01 1.973572207681336677e-01 -1.000000000000000000e+00
7.729749668322685174e-01 6.240134611723432423e-01 1.000000000000000000e+00
3.325332442223624119e-01 4.038101927084555287e-01 -1.000000000000000000e+00
4.096734343414926149e-01 3.718868904046068735e-02 -1.000000000000000000e+00
3.706835890038464587e-01 6.800660663894052549e-01 1.000000000000000000e+00
8.401676749287544377e-01 6.691714842761705695e-01 1.000000000000000000e+00
6.415464516222613156e-01 6.289577084216158021e-02 -1.000000000000000000e+00
3.623109268133696270e-01 1.168766276968338236e-01 -1.000000000000000000e+00
5.854045601646425956e-01 6.837153058554119589e-01 1.000000000000000000e+00
9.585199966357980106e-01 2.548134090668735530e-01 1.000000000000000000e+00
5.275015024401643604e-01 4.363345176726903807e-01 -1.000000000000000000e+00
5.783904396487792310e-01 1.306566088691896166e-01 -1.000000000000000000e+00
1.973550251552292911e-01 5.099140902565769684e-01 -1.000000000000000000e+00
4.131143243155989131e-01 7.388768454759403470e-01 1.000000000000000000e+00
7.317864471164728934e-01 7.286965531313182032e-01 1.000000000000000000e+00
8.161347415747705059e-01 7.484095536731792953e-01 1.000000000000000000e+00
1.405075612494383064e-01 9.943544102951906716e-01 1.000000000000000000e+00
8.744798414898403704e-01 3.308961799556449090e-01 1.000000000000000000e+00
9.260499667997711404e-01 9.068245054314917342e-01 1.000000000000000000e+00
7.030397990795561602e-01 6.433520751573951202e-02 -1.000000000000000000e+00
8.484383370963332061e-01 9.587538257725595203e-01 1.000000000000000000e+00
3.026809550323894538e-02 1.184466776397771204e-01 -1.000000000000000000e+00
3.030269075404999901e-01 4.695109576872287249e-01 -1.000000000000000000e+00
1.500123499485550571e-01 6.820561879759257096e-01 -1.000000000000000000e+00
7.197750040219466072e-01 2.270571641980845268e-01 -1.000000000000000000e+00
9.398390207621186709e-01 2.148728647653785906e-01 1.000000000000000000e+00
1.562722596667054376e-02 1.639993096609115852e-03 -1.000000000000000000e+00
8.884879563687493320e-01 8.976359094699027930e-01 1.000000000000000000e+00
4.459836817079372295e-01 6.943073796844833057e-01 1.000000000000000000e+00
4.728023157435388146e-01 9.012231170199458408e-02 -1.000000000000000000e+00
3.404410937055883934e-01 1.745950270257577985e-01 -1.000000000000000000e+00
9.516697653430972181e-02 8.621526395386501784e-01 -1.000000000000000000e+00
8.259408589901224840e-01 8.129385466260834470e-01 1.000000000000000000e+00
4.908064736370454373e-01 8.661588734897404107e-01 1.000000000000000000e+00
4.271634946867680638e-01 3.873499591720721558e-01 -1.000000000000000000e+00
8.862101278441453234e-01 9.037587171001466579e-01 1.000000000000000000e+00
8.511114703572021378e-01 8.048150722013677205e-01 1.000000000000000000e+00
8.974399713763503428e-01 2.544127160942821764e-01 1.000000000000000000e+00
5.653504938177787986e-01 8.585550657816596321e-01 1.000000000000000000e+00
5.402804660175472007e-01 7.011059473016683086e-01 1.000000000000000000e+00
5.787064762302706056e-01 4.878166764811182610e-01 1.000000000000000000e+00
7.116072258720270716e-01 7.161356686996164234e-01 1.000000000000000000e+00
6.594805364582160268e-01 2.869081425924184803e-01 -1.000000000000000000e+00
1.708712366211722067e-01 5.710599705632257717e-02 -1.000000000000000000e+00
2.377502676079427113e-01 4.757070728704990703e-01 -1.000000000000000000e+00
1.169246857514879556e-01 5.001211376688200483e-01 -1.000000000000000000e+00
7.698584945984691119e-01 1.155527700495899701e-01 -1.000000000000000000e+00
7.602001600125979364e-01 4.149405339925600344e-01 1.000000000000000000e+00
3.102135064142188536e-01 4.765770710794262621e-01 -1.000000000000000000e+00
9.748433506521206882e-01 2.219687656284807797e-02 -1.000000000000000000e+00
8.065348455072764988e-01 3.884422537824948618e-01 1.000000000000000000e+00
7.985680775847346924e-01 9.168527305761887680e-01 1.000000000000000000e+00
6.373530962861625460e-01 6.017701876366535751e-01 1.000000000000000000e+00
9.372730184099077322e-01 7.163875331013580539e-01 1.000000000000000000e+00
7.243543714435110026e-01 8.400415102926561683e-02 -1.000000000000000000e+00
5.049889011570440900e-03 7.809729160573153361e-02 -1.000000000000000000e+00
9.167136972178278054e-01 3.692251192306417185e-01 1.000000000000000000e+00
4.200458001012699061e-01 6.204573402105074686e-01 1.000000000000000000e+00
2.400345598091352395e-01 8.030710023336407044e-01 1.000000000000000000e+00
8.064843523829162697e-01 4.631985087457850536e-01 1.000000000000000000e+00
1.391202069039504385e-01 6.027871957165849004e-01 -1.000000000000000000e+00
4.781248425814490499e-01 2.720082006672417396e-01 -1.000000000000000000e+00
9.249877091057777667e-01 7.152046359161460254e-01 1.000000000000000000e+00
7.061578424909665808e-01 6.940728715501519597e-01 1.000000000000000000e+00
2.679864728206415858e-02 5.246280134744923940e-01 -1.000000000000000000e+00
9.172930667032197505e-01 4.642794579849146563e-01 1.000000000000000000e+00
7.212432505992192322e-01 7.978899467593717487e-01 1.000000000000000000e+00
2.021890175552099045e-03 1.600883726658756112e-01 -1.000000000000000000e+00
5.657362119244468968e-01 6.100388679649139112e-01 1.000000000000000000e+00
8.775898976159451914e-01 8.301094620806963587e-01 1.000000000000000000e+00
8.479449806944489021e-01 1.289024262937430443e-01 -1.000000000000000000e+00
5.763297293540511346e-01 6.649461976234887217e-01 1.000000000000000000e+00
9.610970405895062907e-01 7.983203787584181033e-01 1.000000000000000000e+00
1.121986368718994598e-01 6.808239876376953603e-02 -1.000000000000000000e+00
4.491619689843040497e-02 4.300211506032577402e-01 -1.000000000000000000e+00
7.545849984007111377e-01 2.945324310608727902e-01 1.000000000000000000e+00
8.516368295548955025e-01 3.594291041651701546e-01 1.000000000000000000e+00
9.653520026961909251e-01 5.362463093004613546e-01 1.000000000000000000e+00
9.439533635239146792e-01 7.836009181927718892e-01 1.000000000000000000e+00
1.477778416218428204e-01 6.113727380672536738e-01 -1.000000000000000000e+00
9.661955772090023986e-01 3.302455322344374222e-01 1.000000000000000000e+00
7.764510457337742144e-01 9.119556553760111983e-01 1.000000000000000000e+00
8.629667783652998914e-01 4.557618908968463778e-01 1.000000000000000000e+00
7.077642392674782235e-01 6.354225160754084500e-01 1.000000000000000000e+00
6.391666132283340129e-01 3.073112749791098164e-01 -1.000000000000000000e+00
4.937383665488032092e-01 9.889305158496012327e-01 1.000000000000000000e+00
6.297606098219126203e-01 5.853403241666074175e-01 1.000000000000000000e+00
1.232485542052584870e-01 8.932324598184249176e-01 1.000000000000000000e+00
5.438025643595422176e-01 6.749099159674037951e-01 1.000000000000000000e+00
8.603773099153774195e-01 2.853315595180990760e-01 1.000000000000000000e+00
4.974819836125849992e-01 7.162211928005751682e-01 1.000000000000000000e+00
3.326259982824552042e-01 9.761707032808203399e-01 1.000000000000000000e+00
3.189623115876161208e-01 9.008729988263842747e-01 1.000000000000000000e+00
2.014900755568188595e-01 5.219437742623087573e-01 -1.000000000000000000e+00
9.354202924020266208e-01 1.139681984969705963e-01 1.000000000000000000e+00
2.564383011172648441e-01 6.464461547559700039e-01 -1.000000000000000000e+00
2.112495401041688536e-01 6.823122624573094708e-01 -1.000000000000000000e+00
8.230872823053845266e-01 1.334287027474313492e-01 -1.000000000000000000e+00
4.585761490127822082e-01 1.401961197791234959e-01 -1.000000000000000000e+00
4.298580231863957657e-02 4.866618088443322998e-01 -1.000000000000000000e+00
2.659160659240317193e-01 8.167768457477723176e-01 1.000000000000000000e+00
5.849120102504016261e-01 3.752533013213299462e-01 -1.000000000000000000e+00
7.713691384828020858e-01 8.248899369766060641e-02 -1.000000000000000000e+00
2.553424542545290610e-02 9.729133618570732223e-01 -1.000000000000000000e+00
2.626442375355053649e-02 7.837714183210188201e-01 -1.000000000000000000e+00
6.940787158992677286e-01 6.247371025705981129e-01 1.000000000000000000e+00
3.617757237576297857e-01 6.545782705497528164e-01 1.000000000000000000e+00
5.162875595054423616e-01 8.006197351732180501e-02 -1.000000000000000000e+00
4.444810177018597708e-01 5.379808787684107196e-01 -1.000000000000000000e+00
1.767808025286110585e-02 9.830538165270236162e-01 1.000000000000000000e+00
6.377798747332172891e-01 2.567359052927101759e-01 -1.000000000000000000e+00
7.508846437566429888e-02 6.641538892066071176e-01 -1.000000000000000000e+00
8.655832787687453012e-01 2.829148561698766606e-01 1.000000000000000000e+00
7.151190218801147802e-01 4.232963084993065506e-01 1.000000000000000000e+00
5.538455075561170560e-01 8.728445350189092400e-01 1.000000000000000000e+00
3.462403511080950347e-01 8.778428342357262881e-01 1.000000000000000000e+00
7.682842544376042859e-01 9.499824636906476494e-01 1.000000000000000000e+00
2.163862587527084491e-01 6.539947016036019578e-01 -1.000000000000000000e+00
8.109093830738478559e-01 4.332476660086519438e-01 1.000000000000000000e+00
2.588866013104861308e-01 4.614013076988517925e-01 -1.000000000000000000e+00
2.649681310397565825e-01 9.107505516712672833e-01 1.000000000000000000e+00
9.950448478496864979e-01 9.881492444715977985e-02 1.000000000000000000e+00
6.435077835354728881e-01 1.691929003325293168e-01 -1.000000000000000000e+00
5.543309532054039312e-01 3.112289881466469010e-01 -1.000000000000000000e+00
3.776417612865137219e-01 9.265826129321163007e-01 1.000000000000000000e+00
4.418646853683960707e-01 3.319188410871887207e-01 -1.000000000000000000e+00
5.026168553380037096e-01 2.626269654287793909e-02 -1.000000000000000000e+00
4.777816919220039260e-01 3.146919406166833744e-01 -1.000000000000000000e+00
1.099416020527952398e-01 6.795698389854812893e-01 -1.000000000000000000e+00
1.101761377410490628e-01 2.404615064926290957e-01 -1.000000000000000000e+00
7.042883059545564928e-01 6.964659370623929036e-01 1.000000000000000000e+00
3.277551532238603960e-01 3.482122845526343102e-01 -1.000000000000000000e+00
2.608602078069238717e-01 7.464378123427889422e-01 1.000000000000000000e+00
8.547942669738314292e-01 7.996505842784283891e-01 1.000000000000000000e+00
4.222641886643935250e-01 6.991114656742783984e-01 1.000000000000000000e+00
7.899452291840127760e-01 2.636178982025343398e-01 1.000000000000000000e+00
1.092651008445475469e-01 2.673596226866306047e-01 -1.000000000000000000e+00
9.427667638160114327e-01 7.290983101296606428e-01 1.000000000000000000e+00
8.471095397178720621e-01 2.028836106608279399e-01 1.000000000000000000e+00
4.804465608103601904e-01 6.182843733068891234e-01 1.000000000000000000e+00
3.708306536447084634e-01 7.734265893950205140e-01 1.000000000000000000e+00
1.389653613634828089e-01 9.788442417561104003e-01 1.000000000000000000e+00
3.773886474681699132e-01 1.548138857179880423e-01 -1.000000000000000000e+00
6.310026766251907171e-01 2.291212760705366724e-01 -1.000000000000000000e+00
9.500802572066102680e-01 9.718751216993178899e-01 1.000000000000000000e+00
1.443634244612007622e-01 1.943116720481630200e-02 -1.000000000000000000e+00
6.850233026263227165e-01 2.458153953615371812e-02 -1.000000000000000000e+00
3.223908694910330164e-01 5.967038881811477236e-01 -1.000000000000000000e+00
1.297078058053434679e-01 4.350077013610701426e-01 -1.000000000000000000e+00
8.008739182297810455e-01 8.127551923064264550e-01 1.000000000000000000e+00
1.206420964388567052e-01 1.612538591822355594e-01 -1.000000000000000000e+00
1.964278941203511097e-01 1.304173388503319098e-01 -1.000000000000000000e+00
9.605444155217768287e-02 9.074144172123728147e-01 1.000000000000000000e+00
2.576973087800421558e-01 5.372137895434514476e-02 -1.000000000000000000e+00
8.127015413901714780e-01 2.020273935498583251e-01 1.000000000000000000e+00
9.338606542265800448e-01 8.020198538288059176e-02 1.000000000000000000e+00
2.308916702247638675e-01 5.593939040603620461e-01 -1.000000000000000000e+00
9.882253477122164842e-01 9.231235724310949964e-01 1.000000000000000000e+00
7.742612521308174234e-01 8.655754469996257416e-02 -1.000000000000000000e+00
9.198163004693301614e-01 6.260540459260759416e-01 1.000000000000000000e+00
5.924506610717106270e-02 3.526744675596662493e-01 -1.000000000000000000e+00
4.470827195600962645e-01 2.347753943318910963e-01 -1.000000000000000000e+00
9.631910316754799251e-02 7.969664423813757059e-01 -1.000000000000000000e+00
6.654690901581240547e-01 2.283577649138386345e-01 -1.000000000000000000e+00
3.959228280936610833e-02 9.469367929215841695e-01 -1.000000000000000000e+00
8.260082084690165694e-01 1.693986091958055162e-01 -1.000000000000000000e+00
1.678363086973762019e-01 2.975681643107669361e-01 -1.000000000000000000e+00
7.352346218945970957e-01 4.088020049544698331e-01 1.000000000000000000e+00
2.513195825880789602e-01 1.215370917876464896e-01 -1.000000000000000000e+00
9.171456507013754367e-01 9.004666351787264933e-01 1.000000000000000000e+00
8.611807053473842233e-01 8.362500884194266071e-01 1.000000000000000000e+00
5.659184571083923920e-01 1.930829202858944660e-01 -1.000000000000000000e+00
8.625117778482280784e-01 7.200721990543992312e-01 1.000000000000000000e+00
9.865822561617597630e-01 1.493050961363351359e-02 1.000000000000000000e+00
9.356786890168400372e-01 1.983670640958270504e-01 1.000000000000000000e+00
1.691821745472468219e-01 5.236551043134916039e-01 -1.000000000000000000e+00
3.136554668190321138e-01 3.528664001866723687e-01 -1.000000000000000000e+00
9.272669428051278917e-01 7.634357047652380324e-01 1.000000000000000000e+00
6.003533800556183353e-01 1.788778609133812036e-01 -1.000000000000000000e+00
5.656773713220092370e-01 8.505288431973534458e-01 1.000000000000000000e+00
5.375356021999955214e-02 2.345433511208355748e-01 -1.000000000000000000e+00
5.367425893387230973e-01 5.913878962988787791e-01 1.000000000000000000e+00
5.703617668655525108e-02 5.170273890072374368e-02 -1.000000000000000000e+00
3.766010317023468223e-01 8.050979198796045511e-01 1.000000000000000000e+00
3.752360387120901031e-02 1.532936302884392310e-01 -1.000000000000000000e+00
2.709434488214961245e-01 6.940326222727651873e-01 -1.000000000000000000e+00
3.344849825619276018e-01 2.138946346590667735e-01 -1.000000000000000000e+00
8.720151404282048269e-01 4.794282813397292564e-01 1.000000000000000000e+00
7.791831418794060715e-01 4.529096946220881881e-01 1.000000000000000000e+00
5.729860746959444251e-01 6.959548473922789746e-01 1.000000000000000000e+00
4.355288684235774088e-01 9.988024585560635327e-01 1.000000000000000000e+00
8.607652128207877729e-01 8.153180346828200475e-01 1.000000000000000000e+00
8.373154568722445124e-01 9.173400049581801330e-01 1.000000000000000000e+00
2.499347048341772348e-01 9.819970245775093698e-01 1.000000000000000000e+00
2.927463928879739941e-01 5.570991021945651545e-01 -1.000000000000000000e+00
6.806703089163649301e-01 5.576332366855871747e-01 1.000000000000000000e+00
5.486227307608337878e-02 1.802194588440808598e-02 -1.000000000000000000e+00
7.592511561938771747e-01 4.393216293428160446e-01 1.000000000000000000e+00
4.519181600397507159e-01 9.139503440627708697e-01 1.000000000000000000e+00
8.815291113980873172e-01 2.289991493455604266e-01 1.000000000000000000e+00
8.486697893587845654e-01 8.166484013203629821e-01 1.000000000000000000e+00
6.783995495025785250e-02 2.522734288409017589e-01 -1.000000000000000000e+00
2.077776364595992353e-01 5.341761446319952533e-01 -1.000000000000000000e+00
8.560734950862055603e-01 2.333021037064682002e-01 1.000000000000000000e+00
8.430364800791045887e-02 5.732721955277553239e-01 -1.000000000000000000e+00
7.804939370548553690e-01 2.616527421779812901e-01 1.000000000000000000e+00
1.328336827550080645e-02 9.965684322736400036e-01 1.000000000000000000e+00
2.054857004701173828e-01 2.160215014849836690e-01 -1.000000000000000000e+00
5.800449624139031313e-01 3.529747652557112536e-01 -1.000000000000000000e+00
6.465869030146922380e-01 1.361064046399946825e-01 -1.000000000000000000e+00
8.489442635731391240e-01 3.318105616869079233e-01 1.000000000000000000e+00
4.472311392432527510e-01 3.606502691227339019e-01 -1.000000000000000000e+00
1.000448854671234233e-01 6.798519712115080882e-02 -1.000000000000000000e+00
8.395929102269948929e-01 9.190716590262834051e-01 1.000000000000000000e+00
2.611928534125029788e-02 2.927668326887407080e-01 -1.000000000000000000e+00
2.928688265833992999e-01 8.683044741685715939e-01 1.000000000000000000e+00
4.081082337767205637e-01 9.595554812858482219e-01 1.000000000000000000e+00
1.926767058478722205e-01 8.103264051641632104e-01 1.000000000000000000e+00
3.408869358285701034e-01 6.684431656354186124e-01 1.000000000000000000e+00
8.869003136198440052e-01 4.368540826469237137e-01 1.000000000000000000e+00
7.185615497813502284e-01 5.830260178530308757e-01 1.000000000000000000e+00
6.216918736549088553e-01 1.216975178117860601e-01 -1.000000000000000000e+00
1.835553855031463177e-01 8.797838531380153260e-01 1.000000000000000000e+00
5.340193504432462213e-01 8.710516448602944051e-01 1.000000000000000000e+00
4.166549402419805759e-01 6.602829145094593066e-01 1.000000000000000000e+00
2.594160022826126344e-01 2.603983499046359507e-01 -1.000000000000000000e+00
2.936803842278168375e-01 6.067373649298513083e-01 -1.000000000000000000e+00
7.489658128244933710e-01 1.961121237837482045e-02 -1.000000000000000000e+00
6.479190163351689069e-01 7.487370502730639199e-02 -1.000000000000000000e+00
4.217380741208908157e-01 7.050365606283506281e-01 1.000000000000000000e+00
7.743162111563915984e-01 2.947185084338010963e-01 1.000000000000000000e+00
9.294683242422738800e-01 1.450414036239302540e-01 1.000000000000000000e+00
7.179221695975701589e-02 3.051826148273494299e-01 -1.000000000000000000e+00
6.031737055018172589e-01 8.298374425506016561e-01 1.000000000000000000e+00
1.749488736052088322e-01 6.012665497260913927e-01 -1.000000000000000000e+00
3.825143529581979118e-01 2.839468881536852951e-01 -1.000000000000000000e+00
8.701979464883691229e-02 6.642546652421901232e-01 -1.000000000000000000e+00
6.526992742321576779e-01 6.631057633310172283e-01 1.000000000000000000e+00
4.642497008208631426e-01 7.417699229670063898e-01 1.000000000000000000e+00
5.753951322882349118e-01 3.029707282556838299e-01 -1.000000000000000000e+00
6.459275170779953390e-01 1.028892006050747820e-01 -1.000000000000000000e+00
2.879619625710704289e-01 9.283941521008431952e-01 1.000000000000000000e+00
6.246638311695906776e-02 3.601960492505104083e-01 -1.000000000000000000e+00
6.105867980621364488e-01 2.336559676020542042e-01 -1.000000000000000000e+00
6.641401453346977846e-01 4.386110708327858321e-01 1.000000000000000000e+00
1.393230232919350220e-01 7.748184666316878522e-01 -1.000000000000000000e+00
4.364051849138391725e-01 1.018906462924403789e-01 -1.000000000000000000e+00
2.934918192103606049e-01 5.010631869091201063e-01 -1.000000000000000000e+00
5.120597611704350571e-01 3.361133797848137039e-01 -1.000000000000000000e+00
5.382624801295325945e-01 8.180951108308559538e-01 1.000000000000000000e+00
3.835729250632015086e-01 6.818877972321784053e-01 1.000000000000000000e+00
1.505400917828946250e-01 9.071829395442847499e-01 1.000000000000000000e+00
7.453375504755463954e-01 8.832287436921412160e-01 1.000000000000000000e+00
6.446051445082812137e-03 4.545662415318725280e-01 -1.000000000000000000e+00
4.331294493805158963e-01 6.834108505876632655e-01 1.000000000000000000e+00
6.327284058790854093e-01 9.741374443732903066e-01 1.000000000000000000e+00
9.157694040831314553e-01 7.546415126046251975e-01 1.000000000000000000e+00
3.117024090956410642e-02 4.227332569650736893e-01 -1.000000000000000000e+00
8.574192452683951915e-01 2.057315870032929706e-01 1.000000000000000000e+00
5.612174627246391267e-04 5.692141408763945476e-01 -1.000000000000000000e+00
5.595227715165161930e-01 3.691241276677426075e-02 -1.000000000000000000e+00
2.027796341484130460e-01 2.399243968782132086e-01 -1.000000000000000000e+00
7.805691073615810271e-01 6.766279646639516976e-02 -1.000000000000000000e+00
5.068813188559337934e-01 3.208351818723775839e-02 -1.000000000000000000e+00
3.259272266168333765e-01 2.432785941539128416e-01 -1.000000000000000000e+00
6.454044705529962123e-01 5.209078423379809308e-01 1.000000000000000000e+00
5.421609349575693404e-01 9.512674791128071794e-01 1.000000000000000000e+00
3.455366580432351897e-01 7.588362962179386884e-01 1.000000000000000000e+00
6.730865247676879326e-01 5.470344519488035129e-01 1.000000000000000000e+00
3.465454603115181165e-01 7.841994239367094943e-01 1.000000000000000000e+00
3.189928327772324490e-01 9.436485580501969839e-01 1.000000000000000000e+00
3.549402039739338877e-01 5.857334227640592639e-01 -1.000000000000000000e+00
4.941987742600107980e-01 6.682266222249729770e-01 1.000000000000000000e+00
9.806595070971093620e-01 3.074961936007480912e-02 1.000000000000000000e+00
9.453757332469114871e-01 9.671303488442140051e-03 -1.000000000000000000e+00
3.762373545101771466e-01 9.282079926198244513e-01 1.000000000000000000e+00
3.583931414558592099e-01 1.847323836340761805e-01 -1.000000000000000000e+00
8.524248652779004010e-01 4.691241094992084637e-01 1.000000000000000000e+00
1.742382182379942357e-01 8.460350458902450299e-01 1.000000000000000000e+00
4.114981612819944568e-01 9.906655764629569427e-01 1.000000000000000000e+00
4.922441402741054572e-01 5.518679995844057995e-01 1.000000000000000000e+00
6.863607354625309576e-01 5.687175848097695274e-01 1.000000000000000000e+00
1.645367492101268425e-02 7.232279200172396783e-01 -1.000000000000000000e+00
2.249288850173214449e-01 5.409461158097995659e-01 -1.000000000000000000e+00
9.805831272739085058e-02 2.640766712953612760e-01 -1.000000000000000000e+00
8.154997663187013579e-01 3.712173020976536897e-01 1.000000000000000000e+00
1.568961930418940609e-01 3.466597224185247184e-01 -1.000000000000000000e+00
7.913357903706056407e-01 7.510899325157336381e-01 1.000000000000000000e+00
5.450873000629251619e-01 8.591977908166725797e-01 1.000000000000000000e+00
9.646306115141388693e-01 6.554970183858078725e-01 1.000000000000000000e+00
7.755167867153096584e-01 6.663048320838014238e-01 1.000000000000000000e+00
2.952192005465423819e-01 2.856511178763321279e-01 -1.000000000000000000e+00
5.985958694839288441e-01 7.844351865817574820e-01 1.000000000000000000e+00
2.769558977414530165e-01 9.333240470098043140e-01 1.000000000000000000e+00
4.038297810780516750e-01 7.795604449889765863e-01 1.000000000000000000e+00
7.227463959868507537e-01 9.828444518298642407e-01 1.000000000000000000e+00
5.784547043737600092e-01 4.784704308141877194e-01 1.000000000000000000e+00
7.006433500529669622e-01 7.962679016328072512e-01 1.000000000000000000e+00
4.761738803415027643e-01 5.011224782425296453e-01 -1.000000000000000000e+00
9.342174007247586731e-01 9.528204515256677443e-02 1.000000000000000000e+00
6.686204033099182320e-01 1.531942913055930333e-01 -1.000000000000000000e+00
6.259051244305572359e-01 8.242935380318916483e-01 1.000000000000000000e+00
5.058149790421323511e-01 5.679897874382312528e-01 1.000000000000000000e+00
9.011515979079212091e-01 6.518273683586156553e-01 1.000000000000000000e+00
5.178968689210315945e-01 8.049332031033384904e-02 -1.000000000000000000e+00
2.128125620130887352e-01 9.568773868359337076e-01 1.000000000000000000e+00
3.249669547745238640e-01 7.075117638121797281e-02 -1.000000000000000000e+00
7.345143213833823514e-01 5.788727174011067955e-01 1.000000000000000000e+00
8.521300958181265983e-03 7.697327935454891801e-01 -1.000000000000000000e+00
4.568677560479489363e-01 5.234352890662095081e-01 -1.000000000000000000e+00
2.526189065028786596e-01 9.435099750335043112e-01 1.000000000000000000e+00
7.103624829522239281e-01 7.796804995780464154e-01 1.000000000000000000e+00
1.691590314813480322e-01 5.812458562507554216e-01 -1.000000000000000000e+00
2.729819572933960270e-01 4.128303307127580979e-01 -1.000000000000000000e+00
5.396822612824500043e-01 4.585486292126570440e-01 -1.000000000000000000e+00
8.919724003251442435e-01 1.705773147602288597e-01 1.000000000000000000e+00
3.629462431468889472e-01 2.388358479554808511e-01 -1.000000000000000000e+00
4.283450466788003563e-01 8.960845814786589925e-01 1.000000000000000000e+00
3.868698323875681133e-01 9.400286990388059261e-01 1.000000000000000000e+00
2.365088988018704264e-01 7.270430357760200302e-01 -1.000000000000000000e+00
7.005720993977507804e-01 2.941940792572222962e-01 -1.000000000000000000e+00
3.469342789663691917e-01 8.929109863802926483e-01 1.000000000000000000e+00
2.668746538483566244e-01 7.741080378507965154e-01 1.000000000000000000e+00
6.989133563846006147e-02 4.933316619834509087e-01 -1.000000000000000000e+00
4.333107543642288340e-01 7.426330017752359458e-01 1.000000000000000000e+00
8.840670138407701328e-01 7.727465701430790146e-01 1.000000000000000000e+00
1.118628945519100082e-01 9.076703358608214645e-01 1.000000000000000000e+00
7.023725951141520651e-01 1.317460107397971925e-01 -1.000000000000000000e+00
9.598907103377032346e-01 8.696019568117773213e-01 1.000000000000000000e+00
6.851135383999628070e-01 6.162615229006518369e-02 -1.000000000000000000e+00
7.142615576315527459e-01 2.637189894240579147e-01 -1.000000000000000000e+00
4.721481579227059244e-01 2.865917559666379955e-01 -1.000000000000000000e+00
8.493385026737283461e-01 7.385713249143655013e-01 1.000000000000000000e+00
7.460159901607221755e-01 8.972231562249725068e-01 1.000000000000000000e+00
5.731873855069502532e-02 6.422500323241461251e-01 -1.000000000000000000e+00
6.543865435188687130e-01 4.937842051151167810e-01 1.000000000000000000e+00
5.345701486250598045e-01 5.120272823146135854e-01 1.000000000000000000e+00
8.717539748911065089e-01 9.357540901461592897e-01 1.000000000000000000e+00
9.500094250719151034e-01 5.470174744415119417e-01 1.000000000000000000e+00
3.137463912590909842e-01 2.346392650134943025e-01 -1.000000000000000000e+00
1.784103122714487677e-01 6.384402335600551925e-01 -1.000000000000000000e+00
4.440192060358377768e-01 6.822947720303725871e-01 1.000000000000000000e+00
8.948829287512929387e-01 3.444478985352827927e-03 -1.000000000000000000e+00
1.903526139248032933e-01 1.288236345441490238e-01 -1.000000000000000000e+00
7.095514008327831190e-01 9.282296314040885399e-01 1.000000000000000000e+00
9.668767787129231017e-01 1.002514735362579623e-01 1.000000000000000000e+00
9.731026070261201699e-01 5.718878308985179126e-01 1.000000000000000000e+00
2.308994336380303380e-01 6.884546795854233903e-01 -1.000000000000000000e+00
6.772958966982525197e-01 6.803761381152132470e-01 1.000000000000000000e+00
5.753373148722510377e-01 6.243001346642481630e-01 1.000000000000000000e+00
3.352808629924072248e-01 7.946395139664247376e-01 1.000000000000000000e+00
8.065785653689186985e-01 7.447161643341435600e-01 1.000000000000000000e+00
1.333106601255529267e-02 8.216740712133181468e-01 -1.000000000000000000e+00
6.299016092704112779e-02 5.578786348043116572e-01 -1.000000000000000000e+00
7.979696185969598066e-02 1.429471363613158408e-01 -1.000000000000000000e+00
4.747965373632532238e-01 3.008249493601852231e-01 -1.000000000000000000e+00
4.345990682681410977e-01 5.813760489768325934e-01 1.000000000000000000e+00
1.711965455168228400e-01 4.249756818773723355e-01 -1.000000000000000000e+00
9.911730577167764400e-01 6.611102599138913849e-01 1.000000000000000000e+00
9.582122909362537078e-01 8.449779213253634236e-01 1.000000000000000000e+00
2.781888278319060159e-01 3.093615673592358117e-01 -1.000000000000000000e+00
2.008205515755807635e-01 7.998361533213875774e-01 1.000000000000000000e+00
6.061987933266498318e-01 9.935062673021044510e-02 -1.000000000000000000e+00
1.978134544492271552e-02 7.540553181520415205e-01 -1.000000000000000000e+00
2.917776221652349511e-01 3.628551067830139143e-01 -1.000000000000000000e+00
8.299164927319406804e-01 5.047086489428420641e-03 -1.000000000000000000e+00
6.448107526704429660e-01 8.902917501896445707e-02 -1.000000000000000000e+00
5.432410525450237504e-02 2.667690320602192910e-01 -1.000000000000000000e+00
8.613010888786591934e-01 9.079966722948953350e-01 1.000000000000000000e+00
5.556769559174080664e-01 5.905261245141298909e-01 1.000000000000000000e+00
4.667169160483669588e-01 8.042352476863625643e-01 1.000000000000000000e+00
9.322705421677432991e-01 5.800171208169102588e-01 1.000000000000000000e+00
8.834559628535659792e-01 2.650800971234396064e-01 1.000000000000000000e+00
2.670779478669959017e-01 8.984272146799535674e-01 1.000000000000000000e+00
1.346549190962047504e-01 1.951551839162850577e-01 -1.000000000000000000e+00
6.859496312994730616e-01 3.250176813946177301e-01 1.000000000000000000e+00
3.594476105834994994e-01 5.052416257753200579e-01 -1.000000000000000000e+00
8.686834011060012850e-01 4.442933724863614708e-01 1.000000000000000000e+00
6.134494237230051494e-01 5.151271379921664728e-01 1.000000000000000000e+00
9.178100937152287031e-01 2.203587337826097281e-01 1.000000000000000000e+00
1.968240355380075357e-01 6.937684137630867331e-01 -1.000000000000000000e+00
5.604899544484939211e-01 5.769320618060022055e-01 1.000000000000000000e+00
5.481464432645449802e-01 9.818814721471658125e-01 1.000000000000000000e+00
6.251469833194112091e-01 8.595725691161988369e-01 1.000000000000000000e+00
8.890688371083833585e-01 6.633748884713451810e-01 1.000000000000000000e+00
8.993394839017104792e-01 6.536375583956183233e-01 1.000000000000000000e+00
8.879451262465534178e-01 5.517617866615214250e-01 1.000000000000000000e+00
4.540276640515408246e-01 9.109971105961536253e-01 1.000000000000000000e+00
6.730784909835038077e-01 9.316138630274818366e-01 1.000000000000000000e+00
1.402348773959010142e-01 5.514518981234154404e-01 -1.000000000000000000e+00
8.226535161529414664e-01 5.193731729060665492e-01 1.000000000000000000e+00
1.900660247788711343e-01 7.083354318041606978e-01 -1.000000000000000000e+00
9.207798562229692063e-01 6.456601190555744108e-02 -1.000000000000000000e+00
5.383211784821598789e-01 2.504228915076038842e-01 -1.000000000000000000e+00
1.505304758210662675e-01 9.511203278000702754e-01 1.000000000000000000e+00
7.109937298381621140e-01 3.093416420981095483e-01 1.000000000000000000e+00
1.651451057321262628e-01 8.280548388729989107e-01 -1.000000000000000000e+00
7.251897592338264475e-01 9.958199928742409446e-01 1.000000000000000000e+00
7.262996081288985994e-02 6.009653032682485962e-01 -1.000000000000000000e+00
8.140159517714630200e-01 3.522363020727288241e-01 1.000000000000000000e+00
7.148779587424214377e-03 8.956504970231915497e-02 -1.000000000000000000e+00
9.023474564960989319e-01 6.427293650032912531e-01 1.000000000000000000e+00
6.511680470552275724e-01 6.109223302355538676e-01 1.000000000000000000e+00
3.225449776197684137e-01 8.056165155859815741e-01 1.000000000000000000e+00
8.773587397771565044e-01 3.575020638340778989e-01 1.000000000000000000e+00
3.556923108259859578e-01 2.670378917385937134e-01 -1.000000000000000000e+00
5.433191165148411050e-01 2.304260687205808011e-01 -1.000000000000000000e+00
9.320646116946418314e-01 3.813423328360697750e-01 1.000000000000000000e+00
6.200039877882727035e-01 6.626779664156418059e-01 1.000000000000000000e+00
6.226565783913901031e-01 8.951463341542753582e-01 1.000000000000000000e+00
8.590217018804640059e-01 2.654449673815202360e-01 1.000000000000000000e+00
7.581002952548836493e-01 7.920363168595877523e-01 1.000000000000000000e+00
5.664065299402634146e-01 4.662221011637619483e-01 1.000000000000000000e+00
1.910668357462433908e-01 9.288629734515025937e-01 1.000000000000000000e+00
4.758085993876706166e-01 3.359216554806006005e-01 -1.000000000000000000e+00
9.742775985449219078e-01 7.133724452735662469e-01 1.000000000000000000e+00
5.492371081381235420e-01 8.214803249367615967e-01 1.000000000000000000e+00
3.943006803365646240e-01 1.893718178404668606e-02 -1.000000000000000000e+00
6.328252323357239639e-01 7.660461755350314039e-01 1.000000000000000000e+00
8.153768120418650733e-01 5.128518653765490320e-01 1.000000000000000000e+00
1.773897201354420750e-01 1.798148419493883488e-02 -1.000000000000000000e+00
5.923399567645750707e-01 2.186745201247961568e-01 -1.000000000000000000e+00
8.931647671647245934e-01 7.477511672389388631e-01 1.000000000000000000e+00
7.631987684594873089e-01 8.985999654129148695e-01 1.000000000000000000e+00
6.721857072648316223e-01 2.578466666493923753e-01 -1.000000000000000000e+00
7.338819194340474583e-01 5.293550078519460023e-02 -1.000000000000000000e+00
3.283629343839655768e-01 7.986412887225352586e-01 1.000000000000000000e+00
5.689631549729941007e-01 7.370358696270640220e-02 -1.000000000000000000e+00
2.925711015107375079e-01 9.620209464979664338e-01 1.000000000000000000e+00
2.115809990006251029e-01 4.292103234054142069e-01 -1.000000000000000000e+00
2.560402545838200705e-01 3.855674838739907573e-01 -1.000000000000000000e+00
6.760071618798273452e-01 4.123895748128917349e-01 1.000000000000000000e+00
4.467574808877790016e-01 9.086861771085668060e-01 1.000000000000000000e+00
4.349464984128461609e-01 4.877459578060324707e-01 -1.000000000000000000e+00
1.057022636852084085e-01 9.039187457304443951e-01 1.000000000000000000e+00
7.186268380193928662e-01 9.701212113396627812e-01 1.000000000000000000e+00
3.279859772567794707e-01 1.070705487094185671e-01 -1.000000000000000000e+00
2.078264439825109333e-01 3.875996053539184638e-01 -1.000000000000000000e+00
5.264202490998207695e-01 8.694197866854849188e-01 1.000000000000000000e+00
2.218919887274457547e-01 3.313922406540441568e-01 -1.000000000000000000e+00
1.828338395585975551e-01 1.255016838952998093e-01 -1.000000000000000000e+00
